8
3.38
3.38
3.38
3.38
3.38
3.38
3.38
3.38
3.38
3.38
3.38
3.38
3.38
3.38
3.38
3.38
3.38
3.38
3.37
3.38
3.38
3.38
3.38
3.37
3.38
3.38
3.38
3.39
3.38
3.38
3.38
3.38
3.38
3.38
3.38
3.38
3.38
3.38
3.38
3.38
3.38
3.38
3.38
3.38
3.38
3.38
3.38
3.38
3.38
3.38
3.38
3.38
3.38
3.38
3.38
3.38
3.38
3.38
3.38
3.38
3.38
3.38
3.38
3.38
3.38
3.38
3.38
3.38
3.38
3.38
3.38
3.38
3.38
3.38
3.38
3.38
3.38
3.38
3.38
3.38
3.38
3.38
3.38
3.38
3.38
3.38
3.38
3.38
3.38
3.38
3.38
3.38
3.38
3.37
3.37
3.37
3.37
3.37
3.37
3.38
3.37
3.37
3.37
3.37
3.36
3.36
3.37
3.37
3.37
3.37
3.37
3.37
3.37
3.36
3.36
3.36
3.36
3.36
3.36
3.36
3.35
3.35
3.35
3.35
3.35
3.35
3.35
3.35
3.35
3.34
3.35
3.35
3.35
3.36
3.36
3.37
3.37
3.38
3.37
3.37
3.37
3.36
3.38
3.38
3.38
3.38
3.38
3.38
3.38
3.39
3.38
3.38
3.38
3.37
3.38
3.38
3.38
3.39
3.38
3.38
3.38
3.37
3.38
3.38
3.38
3.38
3.38
3.38
3.38
3.38
3.38
3.38
3.38
3.38
3.38
3.38
3.38
3.38
3.38
3.38
3.38
3.38
3.38
3.38
3.38
3.38
3.38
3.38
3.38
3.38
3.38
3.38
3.38
3.38
3.38
3.38
3.38
3.38
3.38
3.38
3.38
3.38
3.38
3.38
3.38
3.38
3.38
3.38
3.38
3.38
3.38
3.38
3.37
3.37
3.37
3.37
3.37
3.37
3.37
3.37
3.37
3.37
3.36
3.36
3.36
3.36
3.36
3.35
3.35
3.35
3.35
3.35
3.35
3.35
3.35
3.35
3.34
3.34
3.34
3.34
3.34
3.34
3.36
3.37
3.36
3.35
3.34
3.34
3.34
3.34
3.35
3.35
3.35
3.35
3.34
3.33
3.33
3.33
3.34
3.34
3.35
3.35
3.35
3.35
3.35
3.36
3.36
3.36
3.37
3.37
3.37
3.37
3.37
3.37
3.37
3.38
3.38
3.38
3.38
3.39
3.39
3.39
3.39
3.39
3.39
3.39
3.39
3.39
3.39
3.39
3.39
3.39
3.39
3.39
3.39
3.39
3.39
3.39
3.39
3.39
3.39
3.38
3.39
3.39
3.39
3.39
3.39
3.39
3.39
3.39
3.39
3.38
3.38
3.39
3.39
3.39
3.39
3.39
3.40
3.40
3.40
3.40
3.40
3.41
3.42
3.42
3.42
3.43
3.43
3.43
3.43
3.43
3.42
3.42
3.42
3.41
3.41
3.41
3.41
3.41
3.42
3.42
3.42
3.43
3.42
3.42
3.42
3.42
3.42
3.41
3.41
3.41
3.41
3.40
3.40
3.40
3.41
3.41
3.42
3.43
3.41
3.38
3.39
3.40
3.39
3.41
3.42
3.42
3.41
3.41
3.40
3.39
3.40
3.40
3.41
3.41
3.41
3.41
3.40
3.41
3.40
3.40
3.41
3.42
3.41
3.42
3.41
3.41
3.40
3.39
3.39
3.38
3.38
3.38
3.38
3.38
3.37
3.37
3.36
3.35
3.35
3.34
3.34
3.34
3.34
3.33
3.33
3.34
3.34
3.34
3.35
3.34
3.33
3.33
3.32
3.31
3.31
3.31
3.29
3.30
3.30
3.30
3.31
3.30
3.30
3.30
3.31
3.30
3.31
3.31
3.30
3.31
3.30
3.30
3.31
3.31
3.31
3.31
3.32
3.32
3.33
3.33
3.33
3.34
3.34
3.35
3.35
3.35
3.35
3.35
3.35
3.36
3.36
3.36
3.37
3.37
3.37
3.37
3.37
3.37
3.37
3.37
3.37
3.37
3.37
3.37
3.37
3.37
3.37
3.37
3.37
3.37
3.38
3.38
3.38
3.38
3.38
3.38
3.38
3.38
3.38
3.38
3.38
3.38
3.38
3.38
3.38
3.38
3.38
3.37
3.38
3.38
3.38
3.38
3.37
3.37
3.37
3.38
3.37
3.37
3.37
3.37
3.37
3.37
3.37
3.37
3.37
3.38
3.38
3.38
3.37
3.38
3.37
3.37
3.37
3.38
3.38
3.38
3.38
3.37
3.38
3.38
3.38
3.38
3.38
3.38
3.38
3.38
3.38
3.38
3.38
3.38
3.38
3.38
3.38
3.38
3.38
3.38
3.38
3.38
3.38
3.38
3.38
3.38
3.38
3.38
3.38
3.38
3.38
3.38
3.38
3.38
3.38
3.38
3.38
3.38
3.38
3.38
3.38
3.38
3.37
3.37
3.37
3.38
3.38
3.38
3.38
3.38
3.38
3.38
3.38
3.38
3.38
3.38
3.38
3.38
3.38
3.38
3.38
3.38
3.38
3.38
3.38
3.38
3.38
3.38
3.38
3.38
3.38
3.37
3.38
3.38
3.38
3.38
3.39
3.38
3.38
3.38
3.38
3.38
3.38
3.38
3.38
3.38
3.38
3.38
3.38
3.38
3.38
3.38
3.38
3.38
3.38
3.38
3.38
3.38
3.37
3.38
3.38
3.38
3.38
3.38
3.38
3.38
3.38
3.38
3.38
3.38
3.38
3.38
3.38
3.38
3.39
3.38
3.38
3.38
3.38
3.38
3.38
3.38
3.38
3.38
3.38
3.38
3.38
3.38
3.38
3.38
3.38
3.38
3.38
3.38
3.38
3.38
3.38
3.38
3.38
3.38
3.38
3.38
3.38
3.38
3.38
3.38
3.38
3.38
3.38
3.38
3.38
3.38
3.38
3.38
3.38
3.38
3.38
3.38
3.38
3.38
3.38
3.38
3.38
3.38
3.38
3.38
3.38
3.38
3.38
3.39
3.38
3.38
3.38
3.37
3.38
3.38
3.38
3.37
3.38
3.38
3.38
3.39
3.38
3.38
3.38
3.38
3.38
3.38
3.38
3.38
3.38
3.38
3.37
3.38
3.38
3.38
3.38
3.38
3.38
3.38
3.38
3.38
3.38
3.38
3.38
3.38
3.38
3.38
3.38
3.39
3.39
3.39
3.40
3.40
3.41
3.43
3.45
3.47
3.51
3.57
3.68
3.86
4.07
4.25
4.34
4.26
3.95
3.44
2.81
2.18
1.98
2.24
2.71
3.04
3.20
3.27
3.31
3.34
3.35
3.36
3.38
3.38
3.38
3.39
3.38
3.38
3.38
3.38
3.38
3.38
3.38
3.38
3.38
3.38
3.38
3.38
3.38
3.38
3.38
3.38
3.38
3.38
3.38
3.38
3.38
3.38
3.38
3.38
3.38
3.38
3.38
3.38
3.38
3.38
3.38
3.38
3.38
3.38
3.38
3.38
3.37
3.38
3.38
3.38
3.38
3.38
3.37
3.38
3.37
3.37
3.37
3.38
3.38
3.38
3.38
3.37
3.38
3.38
3.37
3.38
3.37
3.38
3.38
3.37
3.38
3.38
3.37
3.37
3.37
3.38
3.38
3.38
3.38
3.38
3.38
3.38
3.38
3.37
3.37
3.37
3.38
3.38
3.37
3.38
3.38
3.38
3.37
3.38
3.38
3.38
3.38
3.38
3.38
3.38
3.38
3.38
3.38
3.38
3.38
3.38
3.38
3.38
3.38
3.38
3.37
3.37
3.38
3.38
3.38
3.38
3.38
3.38
3.38
3.38
3.38
3.38
3.38
3.37
3.38
3.38
3.38
3.38
3.38
3.38
3.38
3.38
3.38
3.38
3.38
3.38
3.38
3.38
3.37
3.38
3.38
3.38
3.38
3.38
3.38
3.38
3.38
3.38
3.38
3.38
3.38
3.38
3.38
3.38
3.38
3.38
3.38
3.38
3.38
3.38
3.38
3.38
3.38
3.38
3.38
3.38
3.38
3.37
3.38
3.38
3.38
3.38
3.38
3.38
3.38
3.38
3.38
3.38
3.37
3.38
3.38
3.38
3.38
3.38
3.38
3.38
3.38
3.38
3.38
3.38
3.38
3.38
3.38
3.38
3.38
3.38
3.38
3.38
3.38
3.38
3.38
3.38
3.38
3.38
3.37
3.37
3.38
3.38
3.38
3.38
3.38
3.38
3.38
3.38
3.38
3.38
3.36
3.38
3.38
3.38
3.38
3.38
3.38
3.38
3.39
3.38
3.38
3.38
3.37
3.38
3.38
3.38
3.38
3.38
3.38
3.38
3.37
3.38
3.38
3.38
3.38
3.38
3.38
3.38
3.38
3.38
3.38
3.38
3.38
3.38
3.38
3.38
3.38
3.38
3.38
3.38
3.38
3.38
3.37
3.38
3.38
3.38
3.38
3.38
3.38
3.38
3.38
3.38
3.38
3.38
3.38
3.38
3.38
3.38
3.38
3.38
3.38
3.38
3.38
3.38
3.38
3.38
3.38
3.38
3.38
3.38
3.38
3.38
3.38
3.38
3.38
3.38
3.38
3.38
3.38
3.38
3.38
3.38
3.38
3.38
3.38
3.38
3.38
3.37
3.38
3.38
3.38
3.38
3.38
3.38
3.38
3.38
3.38
3.37
3.38
3.38
3.38
3.38
3.38
3.38
3.38
3.38
3.38
3.38
3.38
3.38
3.38
3.38
3.38
3.38
3.37
3.38
3.38
3.38
3.38
3.38
3.38
3.38
3.38
3.38
3.37
3.38
3.38
3.38
3.38
3.38
3.38
3.38
3.38
3.38
3.38
3.38
3.38
3.38
3.38
3.38
3.37
3.37
3.38
3.38
3.38
3.38
3.38
3.38
3.38
3.38
3.38
3.38
3.38
3.38
3.38
3.38
3.38
3.38
3.38
3.38
3.38
3.38
3.38
3.38
3.38
3.38
3.38
3.38
3.38
3.38
3.38
3.38
3.38
3.38
3.38
3.38
3.38
3.38
3.38
3.38
3.38
3.38
3.38
3.38
3.38
3.38
3.38
3.38
3.38
3.38
3.38
3.38
3.38
3.38
3.38
3.38
3.38
3.38
3.38
3.38
3.38
3.38
3.38
3.38
3.38
3.38
3.38
3.38
3.38
3.38
3.38
3.38
3.38
3.38
3.38
3.38
3.38
3.38
3.38
3.38
3.38
3.38
3.38
3.38
3.38
3.38
3.38
3.38
3.38
3.38
3.38
3.38
3.38
3.38
3.38
3.38
3.38
3.38
3.38
3.38
3.37
3.38
3.38
3.38
3.38
3.38
3.38
3.38
3.38
3.38
3.38
3.38
3.38
3.38
3.38
3.38
3.38
3.38
3.38
3.38
3.38
3.37
3.38
3.38
3.38
3.37
3.38
3.38
3.38
3.39
3.38
3.38
3.38
3.37
3.38
3.38
3.38
3.37
3.38
3.38
3.38
3.39
3.38
3.38
3.38
3.38
3.38
3.38
3.38
3.38
3.38
3.38
3.38
3.38
3.38
3.38
3.38
3.38
3.38
3.38
3.38
3.38
3.38
3.38
3.38
3.38
3.38
3.37
3.38
3.38
3.38
3.38
3.38
3.38
3.38
3.38
3.38
3.38
3.38
3.38
3.38
3.38
3.38
3.38
3.38
3.38
3.38
3.38
3.38
3.38
3.38
3.38
3.38
3.38
3.38
3.38
3.38
3.38
3.38
3.38
3.38
3.38
3.38
3.38
3.38
3.38
3.38
3.38
3.37
3.38
3.38
3.38
3.38
3.38
3.38
3.38
3.38
3.38
3.38
3.38
3.38
3.38
3.38
3.38
3.38
3.38
3.38
3.38
3.38
3.38
3.38
3.38
3.38
3.38
3.38
3.38
3.38
3.38
3.38
3.38
3.38
3.38
3.38
3.38
3.38
3.38
3.38
3.38
3.38
3.38
3.37
3.38
3.38
3.38
3.38
3.38
3.38
3.38
3.38
3.38
3.37
3.37
3.38
3.38
3.38
3.38
3.38
3.38
3.38
3.38
3.38
3.38
3.38
3.38
3.38
3.38
3.38
3.38
3.37
3.38
3.38
3.38
3.38
3.38
3.38
3.38
3.38
3.38
3.38
3.37
3.38
3.38
3.38
3.38
3.38
3.38
3.38
3.38
3.38
3.38
3.38
3.38
3.38
3.38
3.38
3.38
3.38
3.38
3.38
3.38
3.38
3.38
3.38
3.38
3.38
3.38
3.38
3.38
3.38
3.38
3.38
3.38
3.38
3.38
3.38
3.38
3.38
3.38
3.38
3.38
3.38
3.38
3.37
3.38
3.37
3.38
3.38
3.39
3.38
3.38
3.38
3.38
3.38
3.37
3.37
3.38
3.38
3.38
3.38
3.38
3.38
3.38
3.38
3.38
3.38
3.38
3.38
3.38
3.38
3.38
3.38
3.38
3.38
3.38
3.38
3.38
3.38
3.38
3.38
3.38
3.38
3.38
3.37
3.38
3.38
3.38
3.38
3.38
3.38
3.38
3.38
3.38
3.38
3.38
3.38
3.38
3.38
3.38
3.38
3.38
3.37
3.38
3.38
3.38
3.38
3.38
3.38
3.37
3.37
3.37
3.38
3.38
3.38
3.38
3.38
3.38
3.39
3.38
3.38
3.38
3.36
3.38
3.38
3.38
3.38
3.37
3.38
3.38
3.39
3.38
3.38
3.38
3.37
3.38
3.38
3.37
3.39
3.38
3.37
3.38
3.37
3.38
3.38
3.38
3.38
3.38
3.38
3.38
3.38
3.38
3.38
3.37
3.38
3.38
3.38
3.38
3.38
3.38
3.38
3.38
3.38
3.38
3.38
3.38
3.38
3.38
3.38
3.38
3.38
3.38
3.38
3.38
3.38
3.38
3.38
3.38
3.38
3.38
3.38
3.38
3.38
3.38
3.38
3.38
3.38
3.38
3.38
3.38
3.38
3.38
3.38
3.38
3.38
3.38
3.38
3.38
3.38
3.38
3.38
3.38
3.38
3.38
3.38
3.38
3.38
3.38
3.38
