8
3.37
3.37
3.37
3.37
3.37
3.38
3.38
3.38
3.38
3.38
3.38
3.38
3.38
3.38
3.38
3.38
3.38
3.38
3.38
3.38
3.38
3.38
3.38
3.38
3.38
3.37
3.38
3.38
3.38
3.38
3.37
3.38
3.37
3.38
3.38
3.38
3.38
3.38
3.38
3.38
3.38
3.38
3.38
3.38
3.38
3.38
3.37
3.38
3.38
3.38
3.38
3.38
3.38
3.38
3.38
3.38
3.38
3.37
3.37
3.38
3.38
3.38
3.37
3.38
3.38
3.38
3.38
3.38
3.38
3.38
3.38
3.38
3.38
3.38
3.38
3.38
3.38
3.38
3.38
3.38
3.38
3.38
3.38
3.38
3.38
3.38
3.37
3.38
3.38
3.38
3.37
3.38
3.38
3.38
3.38
3.38
3.38
3.38
3.38
3.38
3.38
3.38
3.37
3.37
3.38
3.38
3.38
3.38
3.38
3.38
3.38
3.38
3.38
3.38
3.38
3.38
3.38
3.37
3.38
3.38
3.38
3.38
3.38
3.38
3.38
3.38
3.38
3.38
3.38
3.38
3.38
3.38
3.38
3.38
3.37
3.38
3.38
3.38
3.38
3.38
3.38
3.38
3.38
3.38
3.38
3.38
3.38
3.38
3.38
3.38
3.38
3.38
3.38
3.38
3.38
3.38
3.38
3.38
3.37
3.38
3.37
3.38
3.38
3.38
3.38
3.38
3.38
3.38
3.38
3.38
3.36
3.38
3.38
3.38
3.38
3.38
3.37
3.37
3.39
3.38
3.38
3.38
3.37
3.38
3.38
3.38
3.38
3.37
3.38
3.38
3.37
3.37
3.38
3.38
3.38
3.38
3.38
3.38
3.37
3.38
3.38
3.38
3.38
3.37
3.37
3.37
3.38
3.38
3.38
3.38
3.38
3.38
3.38
3.38
3.38
3.38
3.38
3.38
3.38
3.38
3.38
3.38
3.38
3.38
3.38
3.38
3.38
3.38
3.38
3.38
3.38
3.37
3.38
3.38
3.38
3.38
3.38
3.38
3.37
3.38
3.38
3.38
3.38
3.38
3.38
3.38
3.38
3.38
3.38
3.37
3.37
3.38
3.38
3.38
3.38
3.38
3.38
3.38
3.38
3.38
3.37
3.38
3.37
3.38
3.38
3.38
3.38
3.38
3.38
3.38
3.38
3.38
3.38
3.37
3.38
3.38
3.38
3.38
3.37
3.37
3.38
3.38
3.38
3.38
3.38
3.38
3.38
3.38
3.38
3.38
3.37
3.37
3.37
3.38
3.38
3.38
3.38
3.38
3.38
3.38
3.38
3.38
3.38
3.38
3.38
3.38
3.37
3.37
3.37
3.38
3.38
3.38
3.38
3.38
3.38
3.38
3.38
3.37
3.37
3.38
3.38
3.38
3.38
3.38
3.37
3.38
3.38
3.38
3.38
3.38
3.38
3.38
3.38
3.38
3.39
3.42
3.44
3.44
3.44
3.43
3.48
3.57
3.61
3.60
3.59
3.58
3.57
3.57
3.56
3.56
3.55
3.55
3.54
3.54
3.53
3.53
3.52
3.52
3.51
3.51
3.51
3.50
3.50
3.49
3.49
3.49
3.48
3.48
3.48
3.48
3.48
3.47
3.47
3.47
3.47
3.46
3.46
3.46
3.46
3.45
3.45
3.45
3.45
3.45
3.45
3.45
3.44
3.44
3.44
3.43
3.43
3.43
3.43
3.43
3.43
3.43
3.42
3.42
3.42
3.42
3.42
3.42
3.42
3.42
3.42
3.42
3.41
3.41
3.41
3.41
3.41
3.41
3.41
3.41
3.41
3.41
3.40
3.40
3.40
3.40
3.40
3.40
3.40
3.40
3.40
3.40
3.40
3.40
3.40
3.40
3.40
3.40
3.39
3.39
3.39
3.39
3.39
3.39
3.39
3.39
3.39
3.39
3.39
3.39
3.39
3.39
3.39
3.38
3.38
3.39
3.39
3.39
3.39
3.39
3.39
3.39
3.39
3.39
3.39
3.37
3.39
3.39
3.38
3.39
3.38
3.38
3.38
3.40
3.38
3.38
3.38
3.38
3.38
3.38
3.38
3.39
3.38
3.38
3.38
3.38
3.38
3.38
3.38
3.38
3.38
3.38
3.38
3.38
3.38
3.38
3.39
3.38
3.38
3.38
3.37
3.38
3.38
3.38
3.38
3.38
3.38
3.38
3.38
3.38
3.38
3.38
3.38
3.38
3.38
3.37
3.38
3.38
3.38
3.38
3.38
3.38
3.38
3.38
3.38
3.38
3.38
3.38
3.38
3.38
3.38
3.38
3.38
3.38
3.38
3.38
3.38
3.38
3.38
3.37
3.38
3.38
3.38
3.38
3.37
3.38
3.38
3.38
3.38
3.38
3.38
3.38
3.38
3.38
3.37
3.37
3.38
3.38
3.38
3.38
3.38
3.38
3.38
3.38
3.38
3.38
3.38
3.38
3.38
3.38
3.38
3.38
3.38
3.38
3.38
3.38
3.38
3.38
3.38
3.37
3.38
3.38
3.38
3.38
3.37
3.37
3.37
3.37
3.38
3.38
3.38
3.38
3.38
3.38
3.38
3.38
3.38
3.38
3.38
3.38
3.38
3.38
3.38
3.38
3.38
3.38
3.38
3.38
3.38
3.38
3.38
3.38
3.38
3.38
3.38
3.38
3.38
3.38
3.37
3.38
3.38
3.38
3.38
3.38
3.38
3.38
3.38
3.38
3.38
3.38
3.38
3.38
3.37
3.37
3.38
3.38
3.38
3.38
3.38
3.38
3.38
3.37
3.37
3.38
3.37
3.38
3.38
3.38
3.38
3.38
3.38
3.38
3.38
3.38
3.38
3.38
3.38
3.37
3.37
3.38
3.38
3.37
3.38
3.38
3.38
3.38
3.38
3.38
3.38
3.38
3.38
3.38
3.38
3.38
3.37
3.37
3.38
3.38
3.38
3.38
3.38
3.38
3.38
3.38
3.38
3.38
3.37
3.37
3.38
3.37
3.38
3.38
3.38
3.38
3.38
3.38
3.38
3.38
3.38
3.38
3.37
3.37
3.37
3.37
3.37
3.38
3.38
3.38
3.38
3.38
3.38
3.38
3.38
3.38
3.38
3.38
3.38
3.38
3.38
3.38
3.38
3.38
3.38
3.38
3.38
3.38
3.38
3.38
3.37
3.38
3.37
3.38
3.38
3.38
3.38
3.38
3.37
3.38
3.38
3.38
3.38
3.37
3.37
3.37
3.38
3.38
3.38
3.37
3.37
3.37
3.38
3.38
3.38
3.38
3.36
3.38
3.38
3.38
3.38
3.38
3.38
3.38
3.39
3.38
3.37
3.38
3.37
3.37
3.38
3.37
3.38
3.37
3.37
3.37
3.37
3.38
3.37
3.37
3.38
3.38
3.38
3.38
3.38
3.38
3.38
3.38
3.37
3.38
3.38
3.37
3.38
3.38
3.38
3.38
3.38
3.38
3.38
3.38
3.38
3.38
3.38
3.38
3.38
3.38
3.38
3.38
3.37
3.38
3.38
3.38
3.38
3.38
3.38
3.38
3.38
3.38
3.37
3.38
3.38
3.37
3.38
3.38
3.37
3.37
3.37
3.38
3.38
3.37
3.37
3.38
3.38
3.38
3.37
3.37
3.37
3.38
3.37
3.38
3.37
3.38
3.38
3.38
3.38
3.38
3.38
3.38
3.38
3.38
3.37
3.38
3.38
3.38
3.38
3.38
3.38
3.38
3.38
3.38
3.38
3.38
3.38
3.37
3.37
3.38
3.38
3.37
3.38
3.38
3.38
3.38
3.38
3.38
3.38
3.38
3.37
3.37
3.38
3.38
3.38
3.38
3.38
3.38
3.38
3.38
3.38
3.38
3.38
3.38
3.37
3.38
3.38
3.37
3.37
3.37
3.38
3.37
3.38
3.38
3.38
3.38
3.38
3.38
3.38
3.37
3.38
3.38
3.37
3.38
3.38
3.38
3.38
3.37
3.38
3.38
3.38
3.38
3.38
3.38
3.38
3.38
3.38
3.38
3.38
3.37
3.38
3.38
3.38
3.38
3.38
3.38
3.38
3.37
3.38
3.38
3.38
3.38
3.38
3.38
3.38
3.38
3.38
3.38
3.38
3.38
3.38
3.38
3.37
3.38
3.38
3.38
3.38
3.38
3.38
3.38
3.38
3.38
3.38
3.38
3.38
3.38
3.38
3.38
3.38
3.38
3.38
3.38
3.38
3.38
3.38
3.38
3.38
3.38
3.38
3.38
3.37
3.37
3.37
3.38
3.38
3.38
3.37
3.38
3.37
3.38
3.38
3.38
3.38
3.38
3.38
3.38
3.37
3.38
3.37
3.38
3.38
3.38
3.38
3.37
3.37
3.38
3.38
3.38
3.38
3.38
3.38
3.38
3.38
3.37
3.37
3.38
3.38
3.38
3.38
3.38
3.38
3.38
3.38
3.38
3.37
3.37
3.37
3.37
3.37
3.38
3.38
3.38
3.38
3.38
3.38
3.38
3.38
3.37
3.37
3.38
3.37
3.38
3.37
3.38
3.37
3.38
3.38
3.38
3.38
3.36
3.38
3.38
3.38
3.38
3.38
3.38
3.37
3.39
3.38
3.38
3.38
3.37
3.38
3.38
3.38
3.38
3.37
3.38
3.37
3.37
3.37
3.37
3.37
3.38
3.38
3.38
3.38
3.37
3.38
3.38
3.38
3.38
3.38
3.37
3.37
3.38
3.38
3.38
3.38
3.38
3.38
3.38
3.38
3.38
3.37
3.38
3.38
3.38
3.38
3.37
3.37
3.38
3.38
3.38
3.38
3.37
3.38
3.38
3.38
3.38
3.37
3.37
3.38
3.38
3.37
3.38
3.38
3.38
3.38
3.38
3.38
3.38
3.38
3.38
3.38
3.38
3.38
3.37
3.38
3.38
3.38
3.38
3.38
3.38
3.38
3.38
3.38
3.38
3.38
3.38
3.37
3.38
3.37
3.38
3.38
3.38
3.38
3.38
3.38
3.38
3.38
3.38
3.38
3.38
3.37
3.37
3.38
3.38
3.37
3.38
3.38
3.38
3.38
3.38
3.38
3.38
3.38
3.38
3.38
3.38
3.37
3.38
