
59.230,1.43
59.243,1.44
59.256,1.44
59.271,1.43
59.284,1.43
59.297,1.44
59.311,1.44
59.324,1.44
59.338,1.44
59.352,1.43
59.365,1.43
59.378,1.44
59.392,1.44
59.406,1.44
59.419,1.43
59.432,1.43
59.446,1.44
59.459,1.44
59.473,1.44
59.487,1.43
59.500,1.44
59.513,1.43
59.527,1.44
59.541,1.44
59.554,1.44
59.568,1.43
59.581,1.44
59.594,1.44
59.609,1.44
59.622,1.44
59.635,1.44
59.649,1.43
59.662,1.44
59.676,1.44
59.689,1.44
59.703,1.43
59.716,1.43
59.729,1.43
59.744,1.44
59.757,1.44
59.770,1.43
59.784,1.43
59.797,1.44
59.811,1.44
59.825,1.44
59.838,1.43
59.851,1.43
59.866,1.43
59.879,1.44
59.892,1.44
59.906,1.44
59.919,1.44
59.933,1.43
59.947,1.44
59.960,1.44
59.973,1.44
59.986,1.44
60.001,1.44
60.014,1.44
60.027,1.44
60.041,1.44
60.054,1.44
60.068,1.44
60.082,1.43
60.095,1.44
60.108,1.43
60.122,1.44
60.136,1.44
60.149,1.44
60.163,1.44
60.176,1.44
60.189,1.44
60.204,1.44
60.217,1.43
60.230,1.43
60.243,1.44
60.257,1.44
60.271,1.44
60.284,1.43
60.298,1.44
60.311,1.43
60.324,1.44
60.339,1.44
60.352,1.43
60.365,1.43
60.379,1.43
60.392,1.44
60.406,1.44
60.420,1.44
60.433,1.44
60.446,1.44
60.460,1.44
60.474,1.44
60.487,1.44
60.500,1.44
60.514,1.43
60.527,1.44
60.541,1.44
60.555,1.44
60.568,1.44
60.581,1.44
60.595,1.44
60.609,1.44
60.622,1.44
60.636,1.44
60.649,1.44
60.662,1.44
60.677,1.44
60.690,1.44
60.703,1.44
60.717,1.43
60.731,1.44
60.744,1.44
60.758,1.44
60.771,1.44
60.784,1.44
60.798,1.43
60.812,1.43
60.825,1.44
60.838,1.44
60.852,1.44
60.866,1.44
60.879,1.43
60.893,1.44
60.906,1.44
60.919,1.44
60.934,1.43
60.947,1.43
60.960,1.44
60.974,1.44
60.987,1.44
61.001,1.43
61.015,1.43
61.028,1.44
61.041,1.44
61.054,1.44
61.069,1.44
61.082,1.43
61.095,1.44
61.109,1.44
61.122,1.44
61.136,1.44
61.150,1.44
61.163,1.44
61.176,1.44
61.190,1.44
61.204,1.44
61.217,1.43
61.231,1.44
61.244,1.43
61.257,1.44
61.272,1.44
61.285,1.44
61.298,1.44
61.312,1.44
61.325,1.44
61.339,1.44
61.352,1.44
61.366,1.44
61.379,1.43
61.392,1.44
61.407,1.44
61.420,1.44
61.433,1.44
61.447,1.43
61.460,1.43
61.474,1.43
61.488,1.44
61.501,1.44
61.514,1.43
61.528,1.44
61.542,1.44
61.555,1.44
61.569,1.43
61.582,1.44
61.596,1.44
61.609,1.44
61.623,1.44
61.636,1.44
61.649,1.43
61.664,1.43
61.677,1.43
61.690,1.44
61.704,1.44
61.717,1.43
61.731,1.44
61.745,1.44
61.758,1.44
61.771,1.44
61.785,1.44
61.799,1.44
61.812,1.43
61.826,1.44
61.839,1.44
61.852,1.44
61.867,1.43
61.880,1.43
61.893,1.44
61.906,1.44
61.920,1.44
61.934,1.43
61.947,1.44
61.961,1.44
61.974,1.44
61.987,1.44
62.002,1.44
62.015,1.43
62.028,1.43
62.042,1.44
62.055,1.44
62.069,1.44
62.083,1.44
62.096,1.43
62.109,1.44
62.123,1.44
62.137,1.44
62.150,1.44
62.163,1.44
62.177,1.43
62.190,1.44
62.204,1.44
62.218,1.44
62.231,1.43
62.244,1.44
62.258,1.44
62.272,1.44
62.285,1.44
62.299,1.44
62.312,1.43
62.325,1.44
62.340,1.44
62.353,1.44
62.366,1.43
62.380,1.44
62.393,1.44
62.407,1.43
62.420,1.44
62.434,1.44
62.447,1.44
62.461,1.44
62.475,1.44
62.488,1.44
62.501,1.44
62.515,1.44
62.529,1.43
62.542,1.43
62.556,1.44
62.569,1.44
62.582,1.44
62.597,1.43
62.610,1.43
62.623,1.44
62.637,1.44
62.650,1.44
62.664,1.43
62.678,1.43
62.691,1.44
62.704,1.44
62.717,1.44
62.732,1.43
62.745,1.43
62.758,1.43
62.772,1.44
62.785,1.44
62.799,1.44
62.813,1.43
62.826,1.44
62.839,1.44
62.853,1.44
62.867,1.44
62.880,1.43
62.894,1.44
62.907,1.44
62.920,1.44
62.935,1.44
62.948,1.43
62.961,1.43
62.974,1.43
62.988,1.44
63.002,1.44
63.015,1.44
63.029,1.43
63.042,1.44
63.055,1.44
63.070,1.44
63.083,1.44
63.096,1.43
63.110,1.43
63.123,1.44
63.137,1.44
63.151,1.44
63.164,1.43
63.177,1.43
63.191,1.43
63.205,1.44
63.218,1.44
63.232,1.44
63.245,1.44
63.258,1.43
63.272,1.44
63.286,1.44
63.299,1.44
63.312,1.44
63.327,1.43
63.340,1.44
63.353,1.44
63.367,1.44
63.380,1.43
63.394,1.43
63.408,1.44
63.421,1.44
63.434,1.44
63.448,1.43
63.462,1.43
63.475,1.43
63.489,1.44
63.502,1.44
63.515,1.44
63.529,1.44
63.543,1.43
63.556,1.44
63.569,1.44
63.583,1.44
63.597,1.43
63.610,1.44
63.624,1.44
63.637,1.44
63.650,1.44
63.665,1.43
63.678,1.43
63.691,1.43
63.705,1.44
63.718,1.44
63.732,1.43
63.746,1.44
63.759,1.44
63.772,1.44
63.785,1.44
63.800,1.44
63.813,1.43
63.826,1.43
63.840,1.43
63.853,1.44
63.867,1.44
63.881,1.44
63.894,1.44
63.907,1.43
63.921,1.44
63.935,1.44
63.948,1.44
63.962,1.43
63.975,1.43
63.988,1.44
64.003,1.44
64.016,1.44
64.029,1.43
64.043,1.43
64.056,1.44
64.070,1.44
64.083,1.44
64.097,1.44
64.110,1.43
64.123,1.43
64.138,1.44
64.151,1.44
64.164,1.44
6